WT21-B37-76 : 0.002694475201
WT21-B37-75 : 0.00153317953921
WT25-B39-116 : 0.0014684999577
WT23-B21-53 : 0.00137352322281
WT24-B26-10 : 0.00127614576949
WT24-B40-171 : 0.0012452042116
WT23-B39-340 : 0.00124280357919
WT23-B37-134 : 0.00120542023137
WT08-B18-400 : 0.00114477747193
WT13-B06-284 : 0.00113655935127
WT13-B06-273 : 0.00105492580656
WT01-B18-225 : 0.000955382135377
WT04-B27-720 : 0.00094096586822
WT24-B26-46 : 0.000862239488303
WT23-B19-156 : 0.000825071439817
WT04-B30-12 : 0.000816623799266
WT25-B15-307 : 0.000797223659015
WT07-B18-256 : 0.00077495884532
WT24-B40-167 : 0.000707569851669
WT14-B03-220 : 0.000698838051646
WT18-B31-240 : 0.000694226833825
WT14-B03-227 : 0.000685234601836
WT04-B40-202 : 0.000684681920162
WT08-B19-222 : 0.000649532667129
WT23-B20-363 : 0.000639632131194
WT27-B28-203 : 0.000627079905113
WT13-B39-295 : 0.00062153794095
WT13-B15-160 : 0.000619858660957
WT12-B30-56 : 0.000602454846607
WT10-B02-288 : 0.000584449197193
WT14-B36-337 : 0.000561706800208
WT21-B40-37 : 0.000547188176561
WT21-B35-155 : 0.000545696548875
WT23-B01-40 : 0.000540852958181
WT08-B08-60 : 0.0005361230997
WT22-B38-403 : 0.000533579186314
WT13-B39-321 : 0.000532896662343
WT04-B22-268 : 0.000532830337638
WT14-B02-400 : 0.000532740549865
WT18-B14-66 : 0.000529559130542
WT06-B14-69 : 0.000519161454266
WT23-B38-120 : 0.000518648817245
WT06-B35-151 : 0.00051692839743
WT10-B33-300 : 0.000516774037465
WT14-B36-323 : 0.000515861345098
WT14-B36-336 : 0.000515861345098
WT14-B36-334 : 0.000515861345098
WT14-B36-335 : 0.000515861345098
WT06-B35-161 : 0.000515022436004
WT27-B20-494 : 0.000514481865584
WT23-B38-87 : 0.000513809851911
